Construction I/O & time (h; pr; tgs)

getblock / putblock / readblock / writeblock / time

east
       47510        583
      133221        2138
      653912       6530

west
       34017         451
       94877        1495
      455720       4421

e1 - e4 build
     h/h4           pr           tgs         size     MB
e1  5925 61     16619 258    54782 523      2.08m     72
e2  16099 189   44886 696    193336 1799    5.67m     194
e3  26066 311   72726 1149   341999 3339    9.16m     315
e4  35997 437   100509 1616  472375 4648   12.66m     435
e5  47510 583   133221 2138   653912 6530  16.72m     574
west 11.97m  411MB

Square query I/O & time (% of area, (I/O, time*100))

east   h   h4   pr   tgs   T/B
0.25  394  406  403  372   350
0.5   759  776  754  716   685
0.75  1322 1346 1308 1249  1208
1     1979 2010 1946 1869  1814
1.25  2126 2157 2087 2007  1959
1.5   2903 2948 2841 2744  2676
1.75  3747 3798 3641 3539  3460
2     4747 4805 4599 4477  4386

e1  176  184  181  165  154
e2  637  655  650  602  574
e3  953  976  948  900  809
e4  1390 1418 1387 1315 1265
e5  1979 2010 1946 1869 1814

west
0.25  132  134  131  125   123
0.5   497  504  478  469   463
0.75  831  840  800  784   777
1     1308 1320 1250 1235  1231
1.25  1758 1773 1679 1659  1647
1.5   2555 2575 2431 2411  2403
1.75  2997 3024 2853 2828  2814
2     4232 4266 4018 3992  3928

point queries
east 0.76  2.52  5.13  0.32
west 0.36  0.52  3.32  0.10

large enough square queries
east
1  1631 146  1717 157  1685 207  1595 137
west
1  5466 411  5451 391  5489 448  5243 443

line query I/O & time ((I/O, time*100))

east
160 64  232 76  340 93  182 71

west
46 20  56  24  104 44  38 18

1000000 boxes, side uni[0,x], 1% square query
x  h  h4  pr  tgs  
0.002  118  130  131  112
0.006  124  138  139  122
0.01   132  145  148  140
0.02   153  164  167  176
0.04   200  204  211  237
0.06   255  247  258  280
0.1    387  341  369  412
0.2    830  604  675  771
0.3    1391 914	 1009 1161
0.4    2099 1315 1471 1584
0.5    2812 1683 1854 2000
10m boxes:                     T/B
0.002 1005  1062  1069  992    902
0.005 1059  1111  1117  1101   935
0.01  1156  1189  1207  1237   986
0.02  1368  1358  1392  1470  1090
0.05  2109  1880  1948  2135  1433 
0.1   3783  2872  3030  3456  2147
0.2   8172  5171  5482  6350  3879
tgs construction
0.002 3726  371504
0.005 3929  361534
0.01  4552  403422
0.02  5837  513238
0.05  8952  829542
0.1   12111  1124262
0.2   14024  1300062

1000000 boxes, aspect ratio a,density=1,vertical & horizontal, 1% square query
a  
10^1  119   134  133  128
10^2  135   145	 147  160 
10^3  189   177	 192  238
10^4  410   266	 295  523
10^5  1393  520  571  781

10m boxes: ave area 0.001*0.001, density = 10, 1% square query
a
10^1  1029   1085  1089  1086  913
10^2  1179   1175  1203  1255  986
10^3  1683   1410  1462  2008  1195
10^4  3681   2126  2158  3738  1836
10^5  13139  4364  4328  7220  3864
construction
h 381 28455  pr 1289 79508 
10^1  4613 403886
10^2  13196 1175542
10^3  12738 1170222
10^4  14034 1282998
10^5  8283  787327

cluster data (reporting 3000 boxes out of 1,000,000)
3158  8334  292  2227
10m
32920 83389 1060 22158

trans y=y^a, points data, 1% square (in tran 1) 
a
1  226  236  224  224  
3  255  265  247  250
5  334  350  264  301
7  415  429  259  349
9  458  477  257  370
11 570  584  262  448
13 672  689  240  513
10m boxes
a
1  984  1023  1035  980  886
3  1025 1066  1036  1022  887
5  1174 1247  1054  1150  892
7  1510 1600  1057  1362  904
9  1903 2050  1122  1886  968

tgs build
a
1  3565  366047
3  4056  406471
5  4287  431447
7  4224  424639
9  4456  452119


===============================

Synthetic square query 1%

std dev  (* mbr_side/100)     tgs build time & I/O  H  PR
0  605   635   646   654      5248  440989   564 28422  1676 79468
1  883   778   814   984      11272 930299
2  1284  929   986   1334     16622 1451861
4  2303  1252  1383  2387     23302 2070157
6  3563  1591  1804  3373     24908 2178317
8  5016  1962  2245  4339     25538 2227117

skinny data set
           h     h4     pr   tgs
hv1      605    635    646   654
hv10
hv100
hv1000   6557   2242   2250  2920
hv10000

h1000    2138   2237   2301  3038

special

3094  3108  20  3103
